0 0.371702027083796 0.9707639944184286 0.03412244292790545 0.029653266749222952
0 0.27437326281577235 0.9823436573625447 0.03190497146395277 0.015517992142117265
0 0.5618176048340551 0.9509479923515141 0.04415241439185813 0.04415241439185813
0 0.6909913744787621 0.8666371507475162 0.03143409057054054 0.03888271753501123
0 0.5755611195163635 0.792153035155585 0.03321491439185813 0.04364299214211727
0 0.6032066224118475 0.6796872684063621 0.040954639784752264 0.0424443651776464
0 0.43804184883819897 0.7813333132773476 0.05069351282028158 0.05069351282028158
0 0.5539279063245782 0.596641482012432 0.026455492142117266 0.03241439371369381
0 0.9537288531814252 0.5905475698968854 0.03648546360606986 0.04691354135632882
0 0.9025988085153275 0.8207659168775667 0.048005160462916766 0.05992296360606986
0 0.6590113585581087 0.5330262841221277 0.036703787427387446 0.051601041356328994
0 0.43062949338046225 0.5045161021524771 0.019696069892376045 0.02118579528527036
0 0.26495098945152085 0.527891597809251 0.02140411910658786 0.024383569892376045
0 0.7560854117012618 0.5159778711780116 0.016352746071058633 0.016352746071058633
0 0.7513721788647695 0.3979727338744587 0.0168621683207995 0.027290246071058545
0 0.6239342295267234 0.35145095244292734 0.014790246071058633 0.01627997146395268
0 0.12630382816003455 0.7786279600914131 0.023330492142117132 0.032268844499482086
0 0.7442424214211714 0.27851425848156464 0.013227746071058633 0.016207196856846906
0 0.7912287373846063 0.3123412948754948 0.01649829528527036 0.019477746071058632