0 0.2688682609656755 0.9452381822225228 0.03181656603337348 0.0411431972400564
0 0.16989849445733213 0.9333636992686515 0.033133404567984304 0.03648297077900651
0 0.4600222054477515 0.9735519172049891 0.042754066033373485 0.04133411201270896
0 0.6044815343714239 0.9300218798663209 0.028445904567984216 0.03640115016215546
0 0.5084929257104251 0.8260962646072013 0.03025406603337366 0.04111592370110628
0 0.5602424542045561 0.7263104987788888 0.041191566033373664 0.04130683847375849
0 0.3762669239014028 0.7753950608743232 0.04439845318850333 0.04292388555165907
0 0.529547974896771 0.6321104853862082 0.02499335594746519 0.030096603084255234
0 0.9216303335577697 0.7412044362764172 0.03033595318850324 0.042678423701106104
0 0.8208025751900268 0.9470668782414681 0.04028416327441171 0.05377956493480838
0 0.645838038216611 0.6021383875769588 0.03222600180902226 0.0489556972400564
0 0.4301920267966503 0.5086127098186629 0.016607645861557073 0.019022735389503432
0 0.26259841304726894 0.4830518279204517 0.019896420171816497 0.02220228246740419
0 0.7447259175698248 0.6124503705308302 0.016443871551297562 0.015897735389503433
0 0.766050961667788 0.4980839074624612 0.01857958163720568 0.02686250892845372
0 0.6517594103337355 0.41725487296646213 0.014881371551297562 0.01587046185055314
0 0.07250343679170157 0.6834534281653329 0.020387743102595036 0.03157728246740419
0 0.7857316186106214 0.38212767085514177 0.011674484396167629 0.014253414772652384
0 0.8240438461093842 0.4280674622509995 0.015045145861557075 0.01899546185055314