0 0.28604246960192586 0.19780067377750452 0.23340762117350247 0.23230154334173853
0 0.8787393918516668 0.16039833163401562 0.19972182588823237 0.21087308243141328
0 0.14139594292339625 0.9648121859054761 0.032996590570540586 0.040050915152690436
0 0.5358544183162903 0.9310443821027559 0.028672963606069857 0.04748077787978744
0 0.23784925785337366 0.897338030295683 0.039974336641599176 0.05618609818322895
0 0.07509239267572722 0.8714127433320403 0.010321069892376156 0.021077774545807414
0 0.07690960380059772 0.8767539475744057 0.011956344499481996 0.022767820303441866
0 0.3339601244787621 0.8730239433223419 0.01649829528527036 0.020025457576345218
0 0.313549117035164 0.75470437801987 0.01849744292790536 0.029528003333979848
0 0.17937101612554124 0.7193882445399883 0.014935795285270271 0.019897911818710767
0 0.2915756095915659 0.6365123584750326 0.014790246071058633 0.016772911818710767
0 0.3447755382514478 0.667459598473093 0.019768844499482085 0.023405549091614474
0 0.8520573070675853 0.8503375475453107 0.2689769400324213 0.16049018728260195